36096203
25397904
37956431
31494963
34954198
37567010
23432142
30427977
32916325
38008109
26648083
36222320
25046337
32534938
27035367
27926978
32997916
30762796
36380619
35181847
38166511
37024900
36694954
37263348
37088368
30170584
30222111
34750553
32713068
23157275
37492920
29438771
37029783
27237730
30415478
31899843
9833044
35593100
34431983
10341322
34763505
29655772
32144912
23698203
26637522
35152579
31139656
33939347
10753032
28916431
32467066
34102302
37067147
31925825
35103305
34695599
29128337
22419335
36044838
15086698
30195824
34020509
32828116
37597162
28160338
36086744
32345077
26483177
34984792
34773261
28295198
35144258
34673287
32272284
33902373
29698966
18774392
26964045
25959894
18480923
29729103
24656622
25064381
26731420
11678862
32115683
32412136
31456010
17190624
9536230
28819778
38094286
26054553
23178180
25269339
32940336
29083482
29477737
26833304
29927483
6770707
28709817
11476107
27314024
34523872
10931124
31919579
29037993
28351163
34517748
8823559
29132956
30835579
31607407
1376735
35914662
33063705
32827729
32427616
28435464
30708143
10325458
37919842
31439599
28714496
31034999
17953635
12653169
30355455
19203665
2229816
22015095
29164723
24507460
16044256
31295369
19137651
19453774
25886090
25213055
9860240
31523897
31767272
27921414
27567329
30600956
31196788
19796222
31394130
27040372
30823944
22947909
38518009
32618048
16445787
30661442
2900648
12014063
2651508
6116728
7622644
17010756
30879003
29974963
29518420
23163959
30029967
23281692
17365263
367422
27939380
27779432
8651031
12861852
28671097
19761700
38564395
26267219
17040448
29102514
28366435
3782654
2878811
38449010
23918000
24685847
8893110
22182386
24831635
25592003
22192960
29567359
10951147
24472058
17229605
20621341
12974197
21208221
16625989
21568746
10972091
17441794
26038847
28656910
27010957
21636116
1370236
10831005
9875196
11176678
10736383
27599913
14713918
15204149
22007905
27326985
2568189
37365736
24522090
17348242
25409241
18081747
2650586
2147912
28884989
2573286
10550755
25876348
16880585
25609025
20697948
19133920
22200952
3886724
6119130
27911016
4892353
8721491
23596813
15984599
25812355
30963990
1715267
22928719
8828024
16855407
16503889
2425755
27258736
17478385
16838894
25412950
23534896
20819318
3307890
24236294
11417848
28685545
777074
6992835
10195357
9860454
18484427
14754652
7897151
2874958
21264453
20950731
18181978
15347373
1681778
24320728
11476462
16650165
21109748
23053062
11316966
8368464
1445478
3126220
16449816
26028921
34806783
37655364
23394513
17078446
11277962
16484822
28052797
19085267
16146151
4274689
6114712
17760727
24192062
1349509
6423314
18477227
10863219
11694026
2459174
2745760
21801101
32473421
12396958
19874329
19860762
7352689
10476323
1979796
20226302
18081753
2172351
30654196
12209099
28625805
8842556
10188144
15356567
59786
3385044
7014277
16040414
31926152
15689912
31406237
6192652
8836336
3080510
70935
3300566
6798902
15627098
18543494
2907911
19916293
17388220
32645478
1100092
21823283
2863185
3097109
380624
15358571
1979471
31602921
10400483
6148648
7425398
17298105
16433794
32196954
2569996
21290836
2892806
1978625
2569998
16158780
1695449
19753736
15100686
2569997
17627798
2574555
29461615
1534077
18237000
1972050
21504
2883202
16579088
35237342
2896512
1967919
2431027
2900256
1827614
15701213
2903817
1699989
3886304
1683191
2858420
11336071
38225552
31781652
26918853
23185762
29977033
8357472
7656480
33129941
3699962
24673054
10725819
15794405
4401352
2885854
29393216
15212608
239517
12462431
23031656
19860603
25920599
38061118
20201089
15777522
14616377
1688044
20073227
2794292
1976298
23087179
6136296
2569995
4383602
20210815
19175892
17583106
29993255
6149965
6101337
20404307
27143789
31161734
2859714
19171224
15897671
33875845
2565098
11837570
6126399
24906637
3937549
4380315
2572189
32723831
4385407
15237765
33781209
2903876
17697908
25730877
20377116
17539359
32080084
31947529
14555862
27874971
10868558
8169394
26714439
7854994
10858988
28595610
27974104
17302371
23380020
21859692
18325576
20035038
18840369
2675492
7900025
6161534
21356079
25284751
24354675
23031624
22152723
22294344
6997799
9394977
23442610
4878092
2083605
2572236
15832418
6359278
10582200
4916984
6209194
2281392
2495382
17163251
7020468
2896316
2695978
8114275
2749124
9412397
2884788
1358563
2859711
8112815
4385553
26117
1805413
9124981
19053988
16650180
23948731
15328673
29058822
24197
34062998
22134570
14676074
23810097
12664016
4565339
28573683
27424128
21762974
27862227
31577874
3896964
25521304
20568385
19085178
2187700
18287830
9114992
3555043
37921681
12100225
20855968
8630719
34803999
26843086
8621847
33373480
33465457
7825223
9600501
36121914
33834628
27726163
11167352
19132976
19132803