29696812
37052755
33176012
32055820
36578485
33787585
24973898
32358156
33966315
37567983
33902098
36248913
27382171
37325651
37229650
30666826
35923803
31908418
36691851
37302263
28635309
28818745
35642835
31211379
36933303
28489423
36889782
33547580
34285049
37074335
36661047
36462127
36969172
28524646
37434169
24802245
31168406
37899093
36369402
34450505
37185309
35886067
27977821
35640116
33458965
30983549
37712526
36415901
29573593
35810012
37543452
37390281
25890172
27412376
35921745
26850214
33528863
28205390
29556705
27050563
36645550
37777403
26820722
34132852
31782615
32593704
26692475
33419426
30924010
34213672
30385703
26751969
31625439
27779104
36912326
26354025
26563338
25781999
32965087
28198159
27340664
27663754
31957665
35522453
37185308
31491879
25671400
29185968
36990808
33685928
28266606
36323490
27159376
37480398
36454344
27118016
28185410
27992285
34545431
28544525
27136919
36715850
36476479
24715196
36575983
35689558
36151246
37349120
27749238
35248737
33538487
27310259
26340234
33590765
36526336
37377385
24777778
25196669
25327393
24618101
35057535
37545921
35264432
26523023
26253105
38437213
37497730
34354004
28535896
35752581
32939570
33104281
32994434
28681572
30822156
36771246
26466969
34693756
32628710
24751105
28558734
33193432
37066776
29881465
28993680
30316204
31366568
34837524
34535967
30810911
36410776
34953451
35006451
38321722
32291467
28343616
33760079
35577477
38413170
30599109
34054072
33963063
33792210
34929705
25474222
33599738
32783547
31288799
35091463
37079735
37667974
34405833
25416400
32476506
35382883
34569129
35778714
32543017
32906033
34761312
36520847
35672619
29696833
34867950
35172859
36305354
34520733
34398007
32129673
34741000
33973383
31355257
32669455
27530741
38013343
32909672
30915358
25774559
36581384
33741520
38216290
36596631
38149516
30729755
33782244
36253032
34586472
36441654
29334721
33486900
35194126
30345642
32605468
29380036
33993117
26746625
31529682
36320079
33644992
33684123
36058033
30338418
32690521
34897366
37114884
30830311
34098102
27155343
26614535
29600941
33749319
29327104
25982887
33586475
28451815
30025953
26686785
34670994
36705349
33902096
33640008
33687525
34777329
33185166
33465685
31823822
30957405
34107851
34474649
31501076
28378441
34726121
29546507
30779461
34664816
38368726
34075162
31897960
29873196
30337216
31823141
28932748
33368709
31850723
32558389
28494788
32026506
34675298
30035583
28665531
31858731
38438576
33811034
27506911
31054567
34031262
28407999
33962594
31549793
29185956
27477807
25656077
33089617
32828065
25823782
25381560
30822490
27432355
31761290
29609204
32367211
31018960
31145222
31521376
30309835
32315553
31876200
32216091
29884751
25249397
31275607
23986467
32186107
30297326
33434277
38443090
31278695
32512262
31099191
38547537
31515704
26562052
31327051
24352479
28612349
31325348
30450972
31413866
38416140
32251060
34229728
32187052
29886354
31504982
32355224
38071832
28987824
27437936
32326727
25466291
31999341
24550173
30610067
26314337
30328699
31764591
31707982
30341703
27091583
28692770
25630944
29221496
28884308
30845171
30714983
28887697
28817199
31309716
30075427
30078086
29542420
25932435
27475801
26369319
29903026
30415439
28544704
26875769
25624016
28950430
25128518
23836484
31718678
30555464
27538585
26818127
30001740
29141665
25504811
38272825
25807939
37266677
29882203
26576422
29700729
27450487
29913256
38316489
30112846
25128510
28933133
28698947
38049563
24525910
25979711
24389296
26677992
28339355
28601049
28850021
38287544
27097657
25524399
25581612
24882837
26268935
29307093
29187350
25469793
24939676
25284481
28511288
29208004
28356089
25406303
29518108
29313271
29072362
27653044
27056549
24824381
29050507
29791439
23897767
28850308
26674526
32983422
26259838
28081709
26026604
26847108
29043493
28877961
29119202
26085490
26591677
27696750
25494482
38580350
27423206
28391237
27696732
28282363
24595895
24997587
36473106
25664404
26517752
24706006
27084959
24595462
27336685
26555551
25550338
28967272
29419362
24941928
25403368
27465818
24285491
28962590
29409260
24441150
25274892
27844155
27466000
31551223
25514273
28106666
26552423
25994819
30864557
24673738
24213780
26137923
26350486
27181129
25295921
24756903
25885521
25380077
25896862
27341745
25433517
24480452
27855453
25308290
30075589
29354971
36439141
36613765
24794492
35627163
25279845
35267027
26343274
25715572
24811196
30640985
24142191
35575123
28655124
29071946
36229671
33051220
25087414
29691998
29382379
26787505
25169728
26175470
27803342
34228181
29314645
28150513
36792848
33673283
31697380
32036584
31002669
29458278
34241691
28832760
25326335
26539002
27561661
29071928
32936297
34721377
28186687
28069745
38198113
30133186
29745885
34409549
25931031
33773207
26195173
26247564
25581505
36450449
36197174
26542467
32248626
23982436
25438467
31736958
28381814
26547241
35296528
32588274
27917778
29750836
27459020
28967710
31242937
34791068
26842950
34396605
25512675
30587434
27768838
34454117
30076156
27026419
36372851
29224127
29037309
28822046
32241795
31348241
28970215
32111870
25922848
25504080
36871771
27036379
33023661
24671501
25713603
37282790
34256800
28912189
32975909
25638015
25850964
27911913
27513931
27124044
29584756
30501821
31524046
27036633
33666156
35729713
29745884
37217273
26702640
34151710
38216289
34635095
29206093
32242808
30376836
31628482
35121639
31602895
25477057
26289049
29575737
25091439
28357606
32929463
25753937
24882841
37607810
27058970
26718437
25455003
28762476
29858113
26156560
29212515
33790392
33285551
27251940
29143384
28927869
27457311
30339140
30341453
35232809
33994179
26493042
31329965
30836801
32907614
33515120
33822899
26905515
27565000
23904470
37933564
27111089
33023964
26698858
26439834
26546613
28965775
37092889
37423647
31153706
35197363
36395531
33074413
26360583
32333475
29183347
34188155
34491649
34526397
33999266
26447162
26481198
37058302
26176644
33692448
32304147
35062319
29095992
29968332
26508503
34412009
26386125
26316013
26406605
28728565
31292709
26483255
26946727
25963842
26768270
27044884
27894415
33159095
36600185
34514591
34246253
30504510
29884223
30587230
36072626
26590174
28646081
31211506
31309643
31141478
29611086
25128520
25675680
37541762
36607422
32760165
31339920
28621011
36624250
30101636
28841649
25074688
25249238
24470436
29362962
33563055
32144210
35946202
32803913
24929634
35295202
24763752
28926162
29235242
27049238
36226244
31826682
26178281
29667557
34404254
37672918
27725536
27135916
27964760
32459801
26162769
26178286
27156561
28968793
31647025
31523787
29935544
30886733
31287230
34549898
29671942
28817201
27706751
35142908
26025136
34344706
26395501
34006854
25529033
29701040
25772817
38257778
31729189
25684765
28389552
26763276
30358109
29858239
25574939
28560470
32869404
26591359
34932581
27564526
37607809
37247942
28666080
26251413
27852695
28202743
24786931
35440082
30879707
32583971
30672256
33185165
36514134
25889222
33607787
30393209
25431327
26733110
25355728
24880982
26212464
25336464
34281633
27556040
33853484
33307206
32757870
29482038
24362454
30211216
32737115
28010120
27756265
26865601
33300420
27992656
25073879
34076348
27247434
27799159
31732558
29985080
32411794
25886874
35162812
25192895
30170401
28388956
31730497
27690205
32295718
34263700
31088790
33106959
27038788
26063454
33145632
35069583
26307125
36474395
31219668
28339738
24728031
26426533
34763513
34563243
33148701
36585217
34622769
35033680
26810813
28704126
26713003
31242943
36397218
32264972
35872394
26228264
37541740
33713557
29482627
38056919
34213524
25367713
34142111
31228612
28277784
32301430
24788619
27726046
24798350
37699654
27386811
33430948
26395873
34251303
32203571
26239288
25171663
29781580
31858337
35644324
32483919
24001888
33559338
31454755
26698929
37528591
37195063
27026689
28818099
36152083
32704073
29098841
26669566
32895043
28547924
26742305
25962601
25079933
29231407
35250032
31681279
25535985
26575982
31590930
26239594
31257453
25857501
30924147
29870527
31376089
36722450
34002814
33127856
28529116
26709254
28966211
35643951
26818974
31038461
31996367
25359382
32222381
31413865
25036562
24719458
25065001
26259617
25405351
27281095
32914483
28553652
31856612
30861334
37845778
29696564
29545454
24872377
34724599
30584418
32607803
34874815
26209789
36940841
36802760
28597306
32445089
28622463
34590880
31036625
32243398
25879879
36717425
34656753
30192341
33057725
27269294
34002560
36688574
33273485
31235484
34684536
33966520
37696589
31429794
25724680
33952218
26925896
26064964
27188329
37381710
30192070
29575803
29532734
36689130
36313752
33738615
25748549
33938500
30739130
25340588
35268033
30999933
31491682
26356639
28914373
25535750
26489704
38490697
36933302
26786168
26814847
27704313
27607411
28607508
29428486
35751108
26043831
36754548
29898765
32006180
31668853
24354889
36470416
31892533
27989589
25716931
31621054
38042363
36928613
25368273
30569216
37824204
25681059
31372762
27455886
30148432
23599436
31340686
37846618
38068867
29589156
25645464
23716067
37389866
37976120
26838521
25939484
29665496
27312463
33276135
33205906
25927497
33337815
28706194
32967487
25885649
32159257
27002108
37975154
34111674
30808623
34508557
28893220
34717606
33386901
28970207
33565350
26091907
26573936
27964756
30553231
30188218
23413281
31767935
33859125
27379764
24512797
30793700
25186034
25989246
25350077
29316377
32664175
31820358
25280085
30270696
33151161
31601357
30602032
27253239
32931984
29236711
35853676
30556429
27411429
37247863
27385076
27074847
30562770
29888580
34347945
29356462
27911916
28584189
26073022
28814431
28595367
31362993
37607959
25499175
25908480
26268815
26606398
35924369
25178435
25410066
25645050
25253199
34787226
30255760
33990888
33526623
26111961
35141748
27581208
35652244
35183373
35416958
33944875
29888275
32896992
29961161
26307614
34805398
31758663
36317276
28799100
31507095
32977033
27828847
35445719
33526730
32524889
35320944
29474418
30902820
32420757
30571155
34638736
24443001
27846316
25623393
26899523
24473673
33440243
37713862
35974226
34353032
27769592
31957303
33677724
24682293
36680420
26474192
29921318
24706991
35871815
34780107
28854956
26568428
25986458
26613768
33629294
25381982
33727634
35960132
32476277
30886732
27333261
28967235
24848282
28611080
33007415
29029185
26283657
35411981
34398311
36802049
27103566
30647443
34478838
31233347
26125752
35163173
33612101
26245756
25858265
29231408
33332480
28939629
27710596
32623650
37604704
31482684
27233001
34189672
38029644
34959772
25856220
30892152
24564933
30173153
30864105
25422168
35526074
29231984
28236221
26472414
27815799
27307526
26767827
29602164
25575067
27768831
25418272
37324262
26238672
35671648
30221841
25708452
26929445
35238767
24840097
27807003
26214269
25856512
35174432
28175955
33863842
28758586
29764965
27322646
31610021
24895144
25182696
33485455
28613016
29074995
38364841
26794605
36335684
26184955
28544807
29483080
33950757
26934454
36535857
35468933
26276965
25173349
26968800
29882419
31244356
33632596
27888965
26342738
35587067
24988987
36357630
36904103
27312203
35589854
26294294
31530401
35854372
28088452
33642418
30219772
32113837
37960768
36053757
34923285
26585988
25910404
25660991
29552837
35685522
27622457
36706936
31596875
29280011
34263635
33725091
32906027
27107756
37146999
32459816
32731835
32245307
27932278
30658699
26037777
30322408
30999929
32216829
29797911
30712718
26358095
31673419
26813688
27711025
31430553
24412895
31434637
30954969
31221941
36205538
33674988
32048365
25060516
24929023
31490947
26285327
31985129
27059693
26139005
33046136
30396592
29246162
26896473
27444101
27866179
36680426
36075242
36771382
27087059
26187163
38092536
31387417
34215316
33651342
36870081
30515171
28217871
25975452
31331636
37933004
28649878
30641624
34514929
29745059
31333666
24812286
28553649
35932494
31781682
35850425
32929677
34622767
34941954
31852367
30529501
24400920
30804378
28798049
35614488
29302826
24782115
31885755
26237830
30137547
25992914
37759330
30871593
25779750
28183330
31639034
31831833
31226103
28328159
33313898
29933531
26269292
35121638
28609129
33789847
34380392
25577294
24288014
28340066
26495961
37043009
25160020
33555998
35688465
29807445
33548494
31484730
28855173
28891251
35922124
31859346
29746672
31392559
37204935
36544253
33914203
32223462
34772862
26955672
29465346
29283072
25604316
37683021
31513665
32371430
27734232
25151341
30700574
32186028
37541743
26352601
35389367
26482574
24509936
26535595
35606888
34718314
25860222
34537057
33413588
38364839
36258103
38395801
27330157
29302905
28058962
27599663
37801318
24170559
32291099
32925790
28957556
31421022
24782177
32860421
31675124
29338762
24445240
38171602
26359449
29844438
29316341
29479872
24385202
31154414
29688503
26667769
35066242
31953723
26608926
25272088
35487762
30844477
29652792
33973407
24914212
31960737
29798702
24081439
25074690
24448681
32710197
30319663
24448345
30942097
28885321
35786736
37377963
28455285
35101166
25417401
36412191
31104217
37306592
36031708
25869414
37591216
31430609
26471830
26808309
28606961
26353833
30466715
34896445
26436849
34918120
38008752
36525606
25227967
29506017
31921150
27117700
37402434
30729557
24782291
25854159
34864896
28968858
25150077
24972750
37271939
30551438
28199970
28376912
26151734
37204273
34242246
33726834
29629732
33115760
27966035
30818333
32636183
28834390
29071924
36152738
34704484
34792562
30001258
30826172
24599922
31703717
31652321
34237693
31630117
31553762
36471981
31236568
24907147
29614084
31757580
28598775
38316221
24332807
30647190
29889832
25181946
30638975
26956476
34691317
37319017
31602919
29294598
23908187
26290587
26420577
35689239
38251590
35014025
27749236
28234629
25339123
28582403
26203826
25349113
32170488
28880689
29766257
36201360
29692005
37713899
31369575
36848153
24692301
26692536
34465495
28598681
27113955
28425837
26754993
30784354
36307779
26686022
31189913
34741249
25098248
38444034
28012023
28471579
32216485
35818342
32852139
32876780
28556506
33526618
25618752
26888220
25225285
37259090
27239678
34859863
28724365
27538847
35365958
27156396
28508937
25832859
34915576
32480098
35585813
32970188
27658417
29900829
25561362
27533649
26201085
34060972
24344049
29291895
29922913
28898908
33050760
27744141
26490106
27762190
36633809
26162632
30698113
25592233
34103405
25204405
26879354
37653836
26233509
30997153
32699904
30740935
29566740
28388293
28975568
27389975
29580277
37195941
30634208
34271950
26628607
30504445
35027405
25082556
32098994
37744501
30129776
33871596
35048793
27564431
31791386
31250758
37033930
37644763
36125185
34423769
28431485
32237477
36856860
35194004
25517733
28597609
36527929
37832126
26059521
26087654
35583389
26764260
36931693
37308218
28748514
27312970
36617162
31713730
26961485
31197369
37821885
34329291
32522251
30730912
26178282
30915650
30198906
25715256
26414681
25187463
25005467
27324882
30696403
37871924
25019600
23932722
30868319
26811171
30032191
34766228
26188879
31620795
25303044
30725185
30630793
31442958
28865493
29514712
25228126
24737786
26026719
36796186
33274687
29063487
25470338
27605127
27121777
26474773
30877214
33500279
28957563
24529163
37390360
28097393
33059710
35921235
35643956
30761562
35241141
36543526
24510478
28035541
28584187
28404610
36371346
35204805
29982720
35234840
26519231
28079510
26110878
30112581
27229685
32237478
27178257
29404725
24628947
33526709
33185167
27022991
34918131
31831079
31602920
35250992
33346891
33407801
31786989
33081825
31168411
34043719
33053283
27801596
32646919
31009578
38100900
29656373
33645073
28249848
31815649
35987937
30111357
24963082
31416921
28325148
30894208
30709958
34057820
25943002
29521247
27644953
29380961
30721294
24618266
34910203
32151180
36317493
36008838
36801986
33374575
26614481
25139667
33706664
24623718
34659630
33546755
29425827
36197757
28483543
25877498
27236390
35970524
26114379
31207152
34494214
32404343
30638903
27105880
27051025
28858091
31452928
27428186
33274512
25030201
24760484
27209012
25834206
28888761
29287749
27166320
26808318
35900212
34159490
27112532
33380704
32928503
28734661
34385364
35603652
27722854
34233727
38265967
27680540
29705475
27184046
25047021
34462128
33725018
26834213
26980577
34910188
32224045
27723271
31647605
26517829
25005327
26473625
24441151
32359360
36814062
26832367
26909913
27038608
34897499
28663038
35133468
29246532
37883892
35151541
26460564
36553504
28484887
29142030
31055792
33860755
27993828
27107307
30006916
24786925
26937917
30875456
30627845
30629813
31076942
33682887
27114562
33932788
33323529
32237479
24313916
25593074
25022442
28199814
27390150
25359150
28555277
28324148
27447696
35833274
24842476
26111149
25403311
37477848
27312466
24593170
34625147
29737371
28728599
30295429
32557565
37933646
35178811
28350303
28512998
30043210
33600008
26815734
32452344
27577177
25050521
25607251
25857722
26390837
30299241
33863352
28598564
29168332
29069507
25689371
34126302
26316582
28408798
31523049
29455165
30328021
32414425
29514803
33883254
31177099
33087159
33322318
29042358
27993829
23979914
31881419
34664622
30320973
25431484
23606682
38061118
36278483
24708204
35935936
33020846
28590834
36524114
25218914
35072287
31823140
27129122
27165179
27775461
29683364
37696876
35641125
32552882
31033228
37967495
32735145
34142122
24532677
31482155
26054042
26849368
34039871
34504395
29353098
37312069
33464392
33331536
26103979
33200220
31673415
29349988
28460083
30947583
36418156
31165341
30048002
25550337
32920323
36165675
25267562
24865870
30641006
34125889
35293336
28552437
30185379
32433827
37888904
28698901
30245282
38251497
24252035
26416719
32907801
33771151
31025930
27102806
38258678
28859326
30554233
27689735
30983166
30604197
29275344
37415193
24972609
32799397
27921185
33301475
29764238
28963724
29611083
24941177
32561603
28967035
24647016
29259050
28213566
29106053
24441153
33452004
24913965
33119861
25365778
27271314
27432356
34074349
36534349
37498842
26718436
30915463
34751628
28923098
31264032
26866428
36121342
34016004
28490394
33641208
33485336
36028187
26955673
35384021
30183595
27633823
30075534
24733191
27604532
25623388
29128828
31390271
28637670
27483410
34850095
37857757
32313250
36300118
32075475
28417318
31284794
29901815
37942714
29636089
25880658
29760159
33318522
30206267
28870177
31428858
28604144
30077546
27317492
28029752
33858976
24297381
30801994
25385260
34850952
36810945
34587253
30859382
29578394
33775544
26358841
25707477
32907617
32277422
29392511
28333949
32868798
29149289
28681148
32711802
25935455
25375291
33427546
26727655
29574518
27114561
28849709
31044630
32584674
24812287
34648598
28282491
26271620
32734288
29635017
29932627
29439289
28407990
28302406
33504485
28214596
36044236
29343509
30183597
34779576
34980223
34429152
36745114
37873558
34128886
30194275
34112656
28904316
31170172
29155973
30022333
29336187
27193031
33752237
31184752
26013051
37748807
36018230
25670363
24697566
26775479
32471854
24372225
24976447
30425195
36809077
35224112
29361199
25060517
25382124
32638504
24699939
35102628
27098820
31396834
32349791
24443277
24942602
28388820
32164762
26704133
32034648
33853479
29572291
35344152
30628014
29134891
24754273
24818633
36537753
34339393
30010481
36534825
38358980
28013198
31770089
28160418
26331692
34009274
37087459
32495356
33254235
27143527
24252049
36001100
25766640
31087542
27166512
27572327
35587073
28153828
27860410
32444035
25315704
30299202
26472043
27571502
32589073
34496979
32076916
37137672
31194885
27283332
27089068
34003970
25834203
33012198
38251532
33590829
37382956
30916218
31628486
30203252
27093159
28440680
26324784
24839031
33927551
33788913
32891538
24972708
24782176
33907143
26511996
30637590
33628802
36109142
32859608
29219638
30295425
37094424
32118278
32147197
24528544
30770765
25627338
24728329
30590833
35936067
38214126
38251524
27909139
32048083
32482645
33628011
29415145
36459119
30558852
25496464
31415364
27924643
29688617
27924644
31337171
29151519
26233499
28642278
25128482
35234569
28585869
35027248
28161119
30722803
29667211
29247153
30333289
25057003
33310728
32277824
26717361
31209146
27558507
29712616
31605388
35659282
34993729
37234004
32488430
31354242
32297280
35246470
29879187
27255354
37150935
30882703
24550168
37798800
29251032
31781849
29244149
26351388
25183043
26762900
32268520
28622048
28870784
25063045
31958281
29490959
34382085
26304064
30376130
26137975
35920102
30177460
25231180
28067815
27074795
26796771
30063798
28150514
30421069
28284845
27064875
33492920
25713100
31838637
32371432
31087226
25749867
27530379
38335208
31745043
37675772
31939063
31233281
30477552
24673109
31043095
24431394
25994093
28744796
30489177
26672064
33407704
34716775
33164611
23723317
36217542
25436661
30277011
36315419
28776300
36848918
35708089
28274253
26318885
26056119
29729713
31040122
32910152
32146336
34223982
27600829
37024741
30289287
32080104
29112062
27015295
26530039
25873635
33038062
25889308
27748083
29364523
31926171
31350270
26833462
26070536
37650912
32239971
31469238
24344160
26621128
33268527
26275429
23740226
25387721
35193873
25179916
31602572
30922373
27766589
30053896
27716324
32572490
30574867
32451909
27889300
25795907
25603545
36929565
32884942
35979355
25050591
32811969
31268376
26834211
26669912
31372961
36736866
28012569
33651341
36762574
32820698
23918037
25231904
30851515
37725847
35925860
26050104
38296801
30183438
33934647
28941216
31130260
26714738
35972301
29657147
38340613
25223394
30156758
24720551
29023641
36776896
24252050
36839208
28346333
25873634
29024454
27391143
27422891
27287832
30572963
27252426
30621471
33703989
29855172
28697860
29853455
36964628
27130908
28722815
31648940
32419304
26063325
30287909
29329788
26605752
35583917
25862243
25431052
28219882
33386898
28950421
27494516
38240792
24692527
30789801
30092827
30573655
26199453
31138316
27334658
29316383
24988902
28811354
33945907
27428849
26467356
26289764
36790643
36512671
25733246
33452180
27705888
29146743
35951745
29578578
31106666
25381986
34901282
25398374
26669919
31504937
27575584
36840482
28401783
25539805
37751000
31574793
29908670
25372086
25168268
25736355
33497394
32301699
31267801
26139202
28035867
27272171
27856432
25997746
37352174
32816215
25223724
27502582
25303140
26292180
25557658
30877216
29402521
26924097
29319135
24786016
34432308
29908669
36926529
36677774
26020396
26474452
37309305
33942113
27140438
33230526
27624791
24950486
28468794
27376373
26653668
28215362
25769495
25739170
24981319
24951881
34548002
34592584
24534756
27057681
30982883
37232505
38147183
30616024
27028914
30200078
27930739
35809426
31113455
34244295
32591978
27197690
27168193
27482015
30945116
29247149
24641941
24966157
25602164
29266879
30953540
26648084
25650566
33866246
29448880
29093159
28941039
28756267
24916606
27863807
30777075
27498355
28122642
32098857
35699073
30191421
28384040
25935351
37632666
26318384
32396519
26896828
25902789
33305638
30982378
25228842
29320568
30843453
26138593
23661492
28597983
28892591
32052313
31446557
32905628
28867467
35594658
37910098
26474294
32531798
37786320
26280611
32307929
28681650
26036592
28600696
30575978
27310327
25778850
31863865
32629668
24942540
29142036
28118538
27638812
29020251
28296761
31334793
35140703
36333501
24368514
31783773
28884785
26917504
32432649
26905864
25751300
35081280
28425772
26165391
30547287
28845577
32499126
32726514
25351370
26150601
28087506
27015606
26573205
26087815
34570596
31260048
28267648
28612180
30719632
34400559
27994091
33455090
26645159
35654458
36143964
27175934
31350269
31448433
26909489
26473751
36574529
28927315
28182264
38258675
28629665
27855242
32271055
32627420
28749248
25302624
36001712
28013201
28612179
32945153
35772416
34706874
23897769
25495134
24953717
37014287
23670275
25264908
31958280
28481462
37149714
30570824
25516006
35930728
29518577
33174384
34218304
27410490
26007152
26245802
24368727
30178172
32618438
38419451
32645478
31427751
32648334
36761731
24896807
25856933
30016193
25819235
29037901
37209188
25440705
28040076
37704687
24613550
34314985
27422713
29361202
31373433
31321541
28732491
31902241
28591033
26241756
27149595
28495399
26917565
36442213
28186427
36484803
34429160
31749986
29380251
34657472
33417083
32878032
26929019
35461158
24828435
33396851
35586186
36217186
34796851
38049032
33774640
31277542
24965573
35438424
27138022
36086666
33450863
34803999
32527675
37935760
35914303
25723579
30981150
30113724
31207292
29112329
38153615
30932714
34309834
29734947
35614292
32472157
26445924
24990382
30203153
31271739
24782192
35393271
36439107
28499370
31221169
26020239
27974099
37315742
29127458
33738492
28057550
34888691
34611842
33340767
37032583
33617999
37932009
37220073
31362785
30005104
30564856
36651601
37423680
34455948
26169749
35046940
33141438
34626797
25269878
27322636
36049722
37682372
24820476
36086910
30544455
33013889
34966823
34417112
37678871
26412810
32434828
35970319
30922727
33785415
38030231
34474172
29112801
34468080
33131688
29732488
35169373
28283842
26044780
26957111
37023342
29067495
29324654
30385646
32665433
24859783
24996416
29161466
27059799
30644131
33530719
27760487
25005026
37598237
34363247
33479487
27821451
34588240
33168545
34748096
28502609
30729692
33284480
34868062
34177936
32588976
27625227
25846605
30650270
34632707
25354465
35951753
27966012
32729069
27390310
34464029
30122288
32089354
31941544
35000260
37977997
35844507
26368934
31058469
30459471
24339395
26422561
26296417
29030361
31985294
29364741
33017651
30464411
32798283
28585263
27470087
24339361
30808625
31351784
36357514
31343702
25036352
28834412
31112005
24590181
25253302
34170978
30200167
25881672
24713224
36771203
36355371
31244376
26488759
26025436
29277097
37904705
34909917
34907023
25629973
32219478
31161440
25645739
29926968
35493452
26433318
34423919
31724352
33521818
28621153
35778977
25955801
36413380
30105021
35199874
33619316
26120075
24512514
36377800
31323333
27206706
26950897
30641625
24938285
29600936
26147835
37399108
36626176
36477362
34479630
30776490
34069099
33208345
32076706
36534351
30280368
26222102
26164314
24839206
24302706
32166429
27481271
28487450
25940873
26088004
25789331
35967307
33504477
33504476
36305918
35341972
32607949
27208805
29275334
28870100
33095139
25351573
28630417
37809097
36326810
36368677
35908643
33887993
25575769
26562453
29476557
38013292
33217802
26729890
38174885
32268821
30229667
26535712
29303022
37021601
27448283
35616754
34263629
25956572
25027140
38079344
36959129
31237947
34249010
31814226
33118847
28673789
30511559
31713350
37272729
33493312
25263827
35093017
37061107
31856793
29604186
25786041
35179251
25455683
36154313
26807898
32957384
30387008
27357971
25591677
37137528
35358276
33832827
33616421
33288791
27577940
26915668
35377447
33536075
25988616
34511099
29119483
38177085
28103850
33878179
32404342
29475854
26123322
37921880
34948236
34861168
24347569
31428085
29609799
26049730
25521225
35129653
33471137
28589334
37383227
30279267
29933194
37658892
36864622
35091325
24899571
29449025
26336930
33232357
27988431
29073353
29609207
27388672
33323531
34134579
28722163
28490712
27891180
27567495
25981892
25866780
27129117
37782175
34923952
34819265
33560443
33440965
33241941
29526633
28466820
28025216
27105348
26440665
26337175
25505274
25381985
25053584
24983446
36471652
30468406
30024540
29847469
29181493
27056250
26504855
34119672
24817495
27667464
38242550
36409163
28849432
29850873
36715299
28988197
26514315
31211814
30762274
29673465
25099160
33944876
36217184
35942530
34261974
32366870
37191196
23687261
32949140
29472362
25708147
24834925
25957440
28975718
35816897
36789991
34985239
33974131
32406009
29214470
24809534
30604204
30086205
31474140
31230160
30168415
29746558
29484638
26686385
35469504
34608931
32234402
26748647
26155968
25354407
24917676
37667931
34610996
27664129
38065857
33882635
33317935
30523152
30210502
29717032
28474780
33159094
36177637
34932077
34767764
31192747
33823923
32949144
24599359
26757748
27055679
26886154
29880010
30656673
35726183
34887851
34020044
32679697
29633373
29559374
37804462
31808359
29961573
28336735
26970526
26009534
28737645
27781421
27270653
35642497
35276223
32361977
32004939
27526101
27397553
26407570
25125385
32863314
26998607
38156381
34165604
31206593
29771924
30975190
27273851
32271946
29183860
30986119
28296257
38190278
37843092
30643810
28699503
26790429
36380120
34724085
33691801
31608437
31371481
29478790
27701428
27215274
37474271
37291451
34593286
32750514
32064621
29879231
29466690
28702765
37579866
36984552
33450164
32841219
27812739
27385538
33193425
34730279
35306594
26753209
30830076
30561129
32813281
34719909
36382679
34580418
28916304
28482858
28301084
27310969
36330111
35354411
32377986
32172488
27878567
34418468
34304363
34122433
33148311
35633044
31654328
33886528
32581359
36403428
27271701
30826774
29720329
28484714
25740829
37612098
33629254
33156550
31213783
30843482
28803906
25993350
38081440
37936702
37910321
36862072
34857251
32619724
30144422
27188755
26693854
31618438
31564512
30910980
30696041
30472651
29426270
26938768
35820629
35788493
29314261
36574893
29432648
28564491
30824481
37423231
30587248
26850868
27813150
26589963
32067777
28719732
25872649
25488989
32066146
27390293
27039969
34961705
34673536
31145263
26634642
37231670
28765926
33035290
24599912
36848919
31660791
28573480
29251027
30413860
27913060
33876712
31378969
30476584
27989618
24809657
30929895
24699061
26280210
26338037
31876196
27366013
29130113
27050250
36963796
35082139
31269274
28712941
26785742
33327226
27815483
25762499
25700323
26704822
30303519
28712940
30192786
34388360
38036015
31984480
28778219
30389036
26242856
35771531
33395953
31043571
29297205
27517517
28436583
33682678
32794606
28087891
32176711
25240629
30625176
26418806
28375792
27959716
36397054
28808942
33200217
29315334
31370840
37977159
36746171