36369798
36241363
36369793
33956056
28477898
36288823
37459248
33474834
34560137
29087262
35915351
34608627
35906745
37678618
37213031
36358025
37852515
33225631
36750049
27570089
36781038
28345423
36534349
28121241
35842200
34995765
32897883
37604638
28509669
32189478
29256037
25905898
29635078
31911023
33146461
27878954
28137478
25546242
34710720
34980679
36211347
28884965
25337279
34798313
35338035
37341643
27502777
34371159
29366725
32468321
26643792
36031708
37635011
36006459
38008292
28682869
37713706
34454117
29205894
31653192
37283233
37265090
32907784
38134088
34508916
36803286
30572014
33977796
34237422
38270322
27812716
28196529
38156396
28851080
27666289
27175678
26233721
36966389
24803388
28198159
33210559
26188616
28240590
35499216
37581759
35346981
36810107
29897913
37699157
28432856
25931031
35065843
36359816
34996090
25310743
25468307
37928434
37821132
37228028
32635879
36453450
25315704
28673504
32900883
31668352
34099646
27652268
38129844
27307447
34375975
37682181
34715754
28906413
25139772
31248835
28357813
33440243
24657969
37853751
26753541
34565208
25326335
25406488
34766888
33019481
27050822
26747436
33632594
31754886
36752895
27442661
24997134
24418303
37357209
36311745
25137236
37643948
35169036
32753416
32753414
30744525
35414010
32321113
33636561
36458233
33580248
31871140
31570051
36018235
30376437
35321609
37332136
31240553
35979351
35584197
35796516
30961407
35935948
36772987
35134970
31002598
24990382
32748069
29488396
35086377
31022053
28948379
34152246
34719299
26039945
29961688
33645314
31523787
33633218
36208293
36930103
34588240
31787611
30943791
31599644
35967334
28887801
32878503
36325952
32749784
28635303
36396610
32638252
34818238
33584722
36841083
31597273
35786028
30098476
34032968
37496262
33163054
35034478
33216191
35353646
34922023
32066371
34996857
31847623
31927088
30511585
32090304
33285551
36550839
34652991
30833946
35410814
29420200
25052307
31358064
31270697
31081141
36928613
31347288
33557684
35662232
31173544
34263635
37609770
33593433
32429712
30987767
34427279
36963777
35960069
28411166
32274530
24968246
31332914
37800775
29669399
32691186
31468723
27018636
31802295
32382553
31541431
37126423
30363993
26036683
34084162
30679154
35318256
34391233
32444429
33629110
37353795
29513931
34553648
32573290
33877728
29428197
32313195
34013819
38280124
32635881
33131703
29288864
32004406
32910463
28795654
37544614
32558678
30183604
32111865
33633721
31868834
29294194
33079070
31298049
32078830
29879882
33576768
33658052
29671280
31113392
30902069
29551338
33152483
28420051
32335844
33190803
31044336
33686190
33010188
29848360
33547784
30364091
31428085
32476558
32311994
27708376
31299880
34996626
24820145
28937471
28784280
33629109
31302695
31958285
31674267
27927880
32366280
30597768
31520800
30804378
36031048
32911286
28273134
37218538
30562774
34337065
29980876
31238992
28779080
37650912
28711556
29553037
26574625
31440948
31396295
29550111
32705186
36443678
31756016
30241668
32757736
26811368
30915352
28585735
26762473
31018759
31572377
27863333
26452329
31331447
27038611
37231940
29412807
38140854
32638614
27726311
30572140
29783072
30522515
37528591
30210502
31660791
32662402
24673810
29376206
34874833
37950554
30408581
31520802
38519060
30320964
27424138
38050332
30670099
30084812
29426575
24906564
30946340
31659207
31530556
27353505
38351098
28544593
28467293
27390293
24964745
29844438
29545790
32911280
28450313
24853028
30278511
26038091
32527000
29845430
29945920
38458775
25628002
33828555
25466291
27067206
29152675
27846842
29320971
27009916
24495300
27055521
29468338
24951103
30115110
35254169
26316325
27687026
25683262
24756936
28780512
29096759
34308469
26026656
25988278
24862229
25710470
24748629
26382733
26768748
29956883
27273851
23524886
28975431
24815101
25612066
26712498
25516473
25438460
28763099
27723281
26490344
26019059
25908480
25213774
26415739
31921145
25738154
24972700
25801893
28272205
25724932
33975925
35640982
26456622
33913260
26525835
26138472
24795067
25724680
35802867
24470392
29669944
25406901
28530463
35238725
33938500
38395801
27755947
32208799
34806483
34996081
25167769
36332927
38320976
34314985
28246883
33380521
29631068
35489169
28945149
35468447
29692179
27485509
27813554
25592603
30571926
33006737
30636593
26351776
24564990
28506339
25401470
26053285
24744152
34193884
30813871
27377292
30610066
31164884
29882419
24874737
34414672
32532797
32248626
34199176
29609799
29466690
26352601
27390168
26667769
25940537
24796678
27060062
27599471
37754750
27015221
26455562
34853089
26054418
28691866
27510600
26847148
38453421
30333817
33140092
38030231
33558436
26992106
26972993
23933625
34319503
37910321
25135060
32909675
30645203
26345892
37892499
27461640
27852935
28818099
32399253
36309392
30093237
34528084
24599359
32851953
36134726
35688845
35690527
25880549
31814187
29571540
29080553
33568389
25349113
25762019
34697129
36930071
36690388
31537547
28256367
24829414
33140090
33533981
30791804
28592201
32793980
27471815
31634817
33619162
34264148
33631841
35481967
36537753
31303437
33872768
29173690
28234629
34042314
38433222
34538280
33402039
33626969
30249507
33019429
33037080
34921094
32809147
31255912
25700344
37228034
32151180
27538381
28755405
33307926
32340616
24525705
26251230
31475863
38100900
28862513
38158100
30793642
28483543
26845680
31675957
34614442
33099651
29964292
30637663
25374084
32446964
35907609
36430417
36680305
35725295
28794077
29333561
26876692
33597205
33853420
35578304
35294813
34592584
35581679
28683654
32214033
27447696
33369679
27354683
25801892
34941954
35512563
38129117
35176141
36156472
33272962
27112532
36357514
34731783
37786302
33093216
24667640
31520805
33084768
28415570
30336753
26202167
32979908
25218914
34423769
34519938
35787296
35741778
37194710
37224030
25900167
32463566
27423437
36148853
27021607
25454623
26718436
27943420
35428697
26245802
24913965
33977795
32702250
36429946
32771030
30600500
35820718
35264025
28528372
36167482
36418156
26753209
26640159
35986446
25286391
29912393
31852672
31769212
29755474
35750995
37518863
36547368
29563108
35580976
28990435
25830931
24961748
26038346
28573480
38301682
27399966
35144924
35131846
28409522
25935455
34907831
32605528
29409143
36790643
25885411
28492421
26293163
26338095
29077150
30340504
36181005
29363990
37463054
26416719
28885337
36112747
32960720
38285324
37145011
36058429
34504395
27193031
36848919
37012059
24376263
32034648
26020669
25784719
31199180
33725933
29792370
36750564
33115374
36848918
31428858
32891538
25060517
29699792
33907143
33956556
30916218
30361847
35968821
29724251
33573404
35151541
36879337
27072354
33927551
31168416
29879927
38017564
26659791
36206400
32156138
27255354
37150935
33144299
34806342
26634642
38419451
29295825
28130918
30255107
35469345
29636274
34698499
26290435
25149475
26184781
29540181
29643853
34783190
30930907
35973803
27424629
27598855
29807477
29729713
32699034
33486596
32918459
35444642
27488472
37899090
38325898
34116715
32107560
25036352
35979355
36328395
37607780
34164944
30171347
34887857
30573655
33085033
28118533
36762574
30102938
36069871
38335208
31851795
27220348
25516752
29073347
25862617
28956281
35594658
28985591
26936891
30394834
35225436
32358156
27160278
38101851
32929657
30770765
36705619
33245847
35968627
30043749
31092727
31509231
32880707
27672124
34783278
35688465
31848169
29105558
27278779
32019582
34127828
26283629
26648084
34240405
33182226
33866246
24628947
32965548
36597127
26497108
35410552
25973434
31558100
28818881
28384040
32860737
29879319
28143529
25676588
36302567
30131343
36574529
34979487
35140703
35041536
27988431
24720467
28039187
36527929
30925172
31580800
26714024
36520403
34850884
36311744
28063327
28478399
26427983
33607177
36607421
33023958
33971155
30426311
33023962
25119864
26007152
29708835
30537116
35274691
25550339
28937065
24651669
38475833
29450636
30511687
26773105
25777546
29221480
32645478
31081535
32699043
25223180
33200217
30488367
32448782
37901212
29390559
35000260
34615636
29885931
25305215
25225281
31138830
32685458
26077406
34811947
35353167
27585688
34803999
30420324
35788493
26489028
25648824
34498056
31902241
25272088
35182896
28591033
27992698
33450863
30113724
36219471
31625136
26917565
36439141
32527675
29706242
29127458
32108981
24859783
27422713
34474172
33017651
25354465
24802245
27625227
31888778
26422561
35939578
32986868
33217802
31260048
31234212
24713224
27457511
30842084
27481271
26087815
24512514
26366721
30524428
31207292
33051220
29732488
25505277
36499313
32729069
26703437
31351784
29608892
27592469
25253302
26700396
27628237
37137528
36325947
35358276
33666900
32208776
28466820
27105348
30644131
27577940
28927315
27163500
24302706
27749127
27221374
32665433
32234402
27385258
26044780
34258688
30024540
35786736
33440965
28025216
30570824
30178172
34423919
26950897
37809097
32228489
30523152
35438424
26218719
34621500
32683530
24809534
30428931
33945907
36889782
25521225
34610996
27270653
38154030
31048663
26407570
24308805
35644324
34122433
31618438
35868032
28702765
36122966
33691801
32019589
31840751
26675348
30031145
33352008
28849432
26950245
32907357
30472651
29167552
31664766
36761731
31634193
25645739
27011216
34695139
34673536
31673306
38148466
30922727
29661905
32393281
30824481
34719909
32621759
31016613
37279199
35772416
35654458
32581359
25375291
37026882
36683259
26206719
29237099
29676592
25174029
33401503
26376111
28118537
27147621
25951426
33336508
28989111
28112801
29336019
36870970
28476075
30041771
34039741
36028235
26440665
26179200
25125385
31332697
27733017